Ontario and Quebec
10
1
100
56
false
2
100
170
false
3
218
124
false
4
300
90
false
5
326
265
false
6
206
348
false
7
445
455
false
8
440
35
false
9
619
136
false
10
598
370
false
14
2.0
100
56
100
170
false
3.0
100
56
300
90
false
4.0
100
56
218
124
false
5.0
218
124
100
170
false
2.0
326
265
100
170
false
1.0
100
170
206
348
false
3.0
218
124
300
90
false
2.0
300
90
326
265
false
4.0
300
90
440
35
false
1.0
619
136
300
90
false
2.0
619
136
326
265
false
1.0
326
265
598
370
false
5.0
206
348
445
455
false
2.0
440
35
619
136
false
