Ontario and Quebec
18
1
185
159
false
2
39
229
false
3
44
63
false
4
300
90
false
5
400
300
false
6
149
356
false
7
267
409
false
8
340
388
false
9
463
50
false
10
603
83
false
11
516
148
false
12
391
138
false
13
614
242
false
14
538
334
false
15
436
437
false
16
582
433
false
17
80
464
false
18
27
343
false
33
2.0
185
159
39
229
false
3.0
185
159
300
90
false
4.0
185
159
44
63
false
5.0
149
356
185
159
false
4.0
340
388
185
159
false
5.0
44
63
39
229
false
2.0
400
300
39
229
false
2.0
39
229
27
343
false
3.0
44
63
300
90
false
2.0
300
90
400
300
false
66.0
267
409
300
90
false
55.0
391
138
300
90
false
2.0
340
388
400
300
false
5.0
400
300
463
50
false
5.0
149
356
267
409
false
2.0
80
464
149
356
false
1.0
340
388
267
409
false
3.0
267
409
80
464
false
55.0
340
388
538
334
false
3.0
436
437
340
388
false
22.0
391
138
463
50
false
1.0
463
50
603
83
false
55.0
516
148
603
83
false
1.0
603
83
614
242
false
323.0
436
437
516
148
false
32.0
516
148
391
138
false
3.0
538
334
516
148
false
5.0
516
148
614
242
false
2.0
391
138
538
334
false
5.0
614
242
538
334
false
3.0
614
242
582
433
false
6.0
538
334
582
433
false
2.0
538
334
436
437
false
